 f(1.075) =    2.19187498    
 f(1.175) =    2.20437479    
